1000,4
100
18, 0.001, 0.001
18, 0.001, 0.002
18, 0.001, 0.003
18, 0.001, 0.004
18, 0.001, 0.005
18, 0.001, 0.006
18, 0.001, 0.008
18, 0.001, 0.01
18, 0.002, 0.001
18, 0.002, 0.002
18, 0.002, 0.003
18, 0.002, 0.004
18, 0.002, 0.005
18, 0.002, 0.006
18, 0.002, 0.008
18, 0.002, 0.01
18, 0.003, 0.001
18, 0.003, 0.002
18, 0.003, 0.003
18, 0.003, 0.004
18, 0.003, 0.005
18, 0.003, 0.006
18, 0.003, 0.008
18, 0.003, 0.01
18, 0.004, 0.001
18, 0.004, 0.002
18, 0.004, 0.003
18, 0.004, 0.004
18, 0.004, 0.005
18, 0.004, 0.006
18, 0.004, 0.008
18, 0.004, 0.01
18, 0.005, 0.001
18, 0.005, 0.002
18, 0.005, 0.003
18, 0.005, 0.004
18, 0.005, 0.005
18, 0.005, 0.006
18, 0.005, 0.008
18, 0.005, 0.01
18, 0.006, 0.001
18, 0.006, 0.002
18, 0.006, 0.003
18, 0.006, 0.004
18, 0.006, 0.005
18, 0.006, 0.006
18, 0.006, 0.008
18, 0.006, 0.01
18, 0.008, 0.001
18, 0.008, 0.002
18, 0.008, 0.003
18, 0.008, 0.004
18, 0.008, 0.005
18, 0.008, 0.006
18, 0.008, 0.008
18, 0.008, 0.01
18, 0.01, 0.001
18, 0.01, 0.002
18, 0.01, 0.003
18, 0.01, 0.004
18, 0.01, 0.005
18, 0.01, 0.006
18, 0.01, 0.008
18, 0.01, 0.01
