1000,4
100
19, 5, 40, 0.001, 0.001
19, 5, 40, 0.001, 0.002
19, 5, 40, 0.001, 0.003
19, 5, 40, 0.001, 0.004
19, 5, 40, 0.001, 0.005
19, 5, 40, 0.001, 0.006
19, 5, 40, 0.001, 0.008
19, 5, 40, 0.001, 0.01
19, 5, 40, 0.002, 0.001
19, 5, 40, 0.002, 0.002
19, 5, 40, 0.002, 0.003
19, 5, 40, 0.002, 0.004
19, 5, 40, 0.002, 0.005
19, 5, 40, 0.002, 0.006
19, 5, 40, 0.002, 0.008
19, 5, 40, 0.002, 0.01
19, 5, 40, 0.003, 0.001
19, 5, 40, 0.003, 0.002
19, 5, 40, 0.003, 0.003
19, 5, 40, 0.003, 0.004
19, 5, 40, 0.003, 0.005
19, 5, 40, 0.003, 0.006
19, 5, 40, 0.003, 0.008
19, 5, 40, 0.003, 0.01
19, 5, 40, 0.004, 0.001
19, 5, 40, 0.004, 0.002
19, 5, 40, 0.004, 0.003
19, 5, 40, 0.004, 0.004
19, 5, 40, 0.004, 0.005
19, 5, 40, 0.004, 0.006
19, 5, 40, 0.004, 0.008
19, 5, 40, 0.004, 0.01
19, 5, 40, 0.005, 0.001
19, 5, 40, 0.005, 0.002
19, 5, 40, 0.005, 0.003
19, 5, 40, 0.005, 0.004
19, 5, 40, 0.005, 0.005
19, 5, 40, 0.005, 0.006
19, 5, 40, 0.005, 0.008
19, 5, 40, 0.005, 0.01
19, 5, 40, 0.006, 0.001
19, 5, 40, 0.006, 0.002
19, 5, 40, 0.006, 0.003
19, 5, 40, 0.006, 0.004
19, 5, 40, 0.006, 0.005
19, 5, 40, 0.006, 0.006
19, 5, 40, 0.006, 0.008
19, 5, 40, 0.006, 0.01
19, 5, 40, 0.008, 0.001
19, 5, 40, 0.008, 0.002
19, 5, 40, 0.008, 0.003
19, 5, 40, 0.008, 0.004
19, 5, 40, 0.008, 0.005
19, 5, 40, 0.008, 0.006
19, 5, 40, 0.008, 0.008
19, 5, 40, 0.008, 0.01
19, 5, 40, 0.01, 0.001
19, 5, 40, 0.01, 0.002
19, 5, 40, 0.01, 0.003
19, 5, 40, 0.01, 0.004
19, 5, 40, 0.01, 0.005
19, 5, 40, 0.01, 0.006
19, 5, 40, 0.01, 0.008
19, 5, 40, 0.01, 0.01
