1000,4
100
20, 5, 40, 0.001, 0.001
20, 5, 40, 0.001, 0.002
20, 5, 40, 0.001, 0.003
20, 5, 40, 0.001, 0.004
20, 5, 40, 0.001, 0.005
20, 5, 40, 0.001, 0.006
20, 5, 40, 0.001, 0.008
20, 5, 40, 0.001, 0.01
20, 5, 40, 0.002, 0.001
20, 5, 40, 0.002, 0.002
20, 5, 40, 0.002, 0.003
20, 5, 40, 0.002, 0.004
20, 5, 40, 0.002, 0.005
20, 5, 40, 0.002, 0.006
20, 5, 40, 0.002, 0.008
20, 5, 40, 0.002, 0.01
20, 5, 40, 0.003, 0.001
20, 5, 40, 0.003, 0.002
20, 5, 40, 0.003, 0.003
20, 5, 40, 0.003, 0.004
20, 5, 40, 0.003, 0.005
20, 5, 40, 0.003, 0.006
20, 5, 40, 0.003, 0.008
20, 5, 40, 0.003, 0.01
20, 5, 40, 0.004, 0.001
20, 5, 40, 0.004, 0.002
20, 5, 40, 0.004, 0.003
20, 5, 40, 0.004, 0.004
20, 5, 40, 0.004, 0.005
20, 5, 40, 0.004, 0.006
20, 5, 40, 0.004, 0.008
20, 5, 40, 0.004, 0.01
20, 5, 40, 0.005, 0.001
20, 5, 40, 0.005, 0.002
20, 5, 40, 0.005, 0.003
20, 5, 40, 0.005, 0.004
20, 5, 40, 0.005, 0.005
20, 5, 40, 0.005, 0.006
20, 5, 40, 0.005, 0.008
20, 5, 40, 0.005, 0.01
20, 5, 40, 0.006, 0.001
20, 5, 40, 0.006, 0.002
20, 5, 40, 0.006, 0.003
20, 5, 40, 0.006, 0.004
20, 5, 40, 0.006, 0.005
20, 5, 40, 0.006, 0.006
20, 5, 40, 0.006, 0.008
20, 5, 40, 0.006, 0.01
20, 5, 40, 0.008, 0.001
20, 5, 40, 0.008, 0.002
20, 5, 40, 0.008, 0.003
20, 5, 40, 0.008, 0.004
20, 5, 40, 0.008, 0.005
20, 5, 40, 0.008, 0.006
20, 5, 40, 0.008, 0.008
20, 5, 40, 0.008, 0.01
20, 5, 40, 0.01, 0.001
20, 5, 40, 0.01, 0.002
20, 5, 40, 0.01, 0.003
20, 5, 40, 0.01, 0.004
20, 5, 40, 0.01, 0.005
20, 5, 40, 0.01, 0.006
20, 5, 40, 0.01, 0.008
20, 5, 40, 0.01, 0.01
